6 [-1]            
  5 [1]6        13 [1]6      
4 [0]5        10 [1]13    14 [0]13    
      8 [0]10          
---------------------------------------
 
    6 [-1]            
  5 [1]6        13 [1]6      
4 [0]5        10 [1]13    14 [0]13    
      8 [0]10          
---------------------------------------
 
    6 [0]            
  5 [1]6        13 [1]6      
4 [0]5        10 [1]13    14 [0]13    
      8 [0]10
      
Do nada muda.



3 [-1]      
  14 [0]13    
---------------------------------------
 
  13 [0]      
4 [0]13    14 [0]13    
---------------------------------------
 
    13 [1]      
4 [-1]13      14 [0]13    
  6 [0]4        
---------------------------------------
 
      13 [1]      
  5 [0]13      14 [0]13    
4 [0]5    6 [0]5        
---------------------------------------
 
    6 [0]          
  5 [1]6      13 [0]6      
4 [0]5      10 [0]13    14 [0]13    
---------------------------------------
 
    6 [-1]            
  5 [1]6        13 [1]6      
4 [0]5        10 [1]13    14 [0]13    
      8 [0]10          
---------------------------------------
 
    6 [-1]            
  5 [1]6        13 [1]6      
4 [0]5        10 [1]13    14 [0]13    
      8 [0]10          
---------------------------------------
 
    6 [0]            
  5 [1]6        13 [1]6      
4 [0]5        10 [1]13    14 [0]13    
      8 [0]10          
---------------------------------------
 
    6 [0]            
  5 [1]6      10 [0]6        
4 [0]5      8 [0]10    13 [0]10      
            14 [0]13    
---------------------------------------
 
    6 [-1]              
  5 [1]6      10 [-1]6          
4 [0]5      8 [0]10    13 [-1]10        
            14 [-1]13      
              25 [0]14    
---------------------------------------
 
    6 [-1]                
  5 [1]6      10 [-1]6            
4 [0]5      8 [0]10    13 [-1]10          
              18 [0]13      
            14 [0]18    25 [0]18    
---------------------------------------
 
    6 [-1]                  
  5 [1]6        10 [0]6            
4 [0]5        8 [1]10    13 [-1]10          
      7 [0]8          18 [0]13      
              14 [0]18    25 [0]18    
---------------------------------------
 
    6 [-1]                  
  5 [1]6        10 [0]6            
4 [0]5        8 [1]10    13 [-1]10          
      7 [0]8          18 [0]13      
              14 [0]18    25 [0]18    
---------------------------------------
 
    6 [-1]                    
  5 [1]6        10 [0]6              
4 [0]5        8 [1]10        18 [0]10        
      7 [0]8      13 [0]18        25 [1]18    
              14 [0]13    23 [0]25      
---------------------------------------
 
    6 [-1]                    
  5 [1]6        10 [0]6              
4 [0]5        8 [1]10        18 [0]10        
      7 [0]8      13 [0]18        25 [1]18    
              14 [0]13    23 [0]25      
---------------------------------------
 
    6 [-1]                    
  5 [1]6        10 [0]6              
4 [0]5        8 [1]10        18 [0]10        
      7 [0]8      13 [0]18        25 [1]18    
              14 [0]13    23 [0]25      
---------------------------------------
 
    6 [-1]                      
  5 [1]6        10 [0]6                
4 [0]5        8 [1]10        18 [0]10          
      7 [0]8      13 [0]18        23 [0]18      
              14 [0]13    21 [0]23    25 [0]23    
---------------------------------------
 
          10 [0]                  
    6 [0]10            18 [-1]10            
  5 [1]6      8 [1]6    13 [0]18          23 [1]18      
4 [0]5      7 [0]8        14 [0]13      21 [1]23    25 [0]23    
                  20 [0]21          
---------------------------------------
 
          10 [0]                  
    6 [0]10                21 [0]10        
  5 [1]6      8 [1]6        18 [0]21      23 [-1]21      
4 [0]5      7 [0]8      13 [0]18      20 [0]18      25 [0]23    
              14 [0]13              
---------------------------------------
 
            10 [0]                  
    6 [0]10                  21 [0]10        
  5 [1]6      8 [0]6          18 [0]21      23 [-1]21      
4 [0]5      7 [0]8    9 [0]8    13 [0]18      20 [0]18      25 [0]23    
                14 [0]13              